480 28
32
109
196
262
84
351
479
96
395
352
213
271
176
265
152
393
467
72
273
227
184
70
127
426
349
345
389
488
37
79
488
136
345
256
352
284
433
185
203
9
471
62
190
108
191
280
331
214
83
248
256
215
88
13
430
65
321
129
332
243
210
434
354
246
146
292
358
324
344
418
204
229
78
163
174
439
433
135
143
186
207
94
388
220
29
3
50
481
130
185
157
354
371
92
426
288
123
175
60
77
285
437
45
108
276
466
449
214
100
54
281
500
148
248
169
422
121
0
446
401
207
423
294
263
31
6
193
299
140
275
275
99
144
156
383
385
457
255
347
272
34
128
169
386
370
67
207
13
259
473
319
435
348
265
154
305
497
483
151
1
240
329
83
300
271
430
150
226
103
310
224
435
10
381
435
230
169
222
134
55
323
335
137
0
289
379
23
236
45
327
432
414
73
381
424
264
264
416
51
101
499
366
5
240
315
493
239
112
412
292
452
484
189
210
178
279
60
488
56
90
168
488
211
444
4
98
438
207
397
429
250
284
303
214
121
423
330
162
488
59
371
314
199
351
156
468
392
130
446
117
95
429
278
295
132
18
373
451
297
474
480
248
2
2
375
491
23
20
228
19
165
155
288
399
276
219
432
350
492
285
222
450
58
136
391
343
416
359
500
343
380
433
483
365
274
104
171
201
11
480
114
352
448
317
397
193
480
253
445
321
401
469
198
335
384
364
77
443
389
261
29
160
167
322
349
153
260
295
112
378
113
170
130
410
147
331
51
456
48
217
409
226
251
484
122
147
128
228
217
195
89
69
19
463
50
253
497
196
71
154
409
316
73
74
371
411
200
16
22
364
210
211
363
382
360
66
431
198
244
49
109
430
272
81
66
296
449
251
377
118
332
64
205
439
458
405
446
170
371
178
181
264
356
98
362
193
443
453
302
306
314
204
261
208
307
24
316
31
49
181
181
311
177
79
35
439
317
135
438
473
286
93
238
267
184
110
458
376
400
288
458
68
55
154
302
378
46
35
92
74
89
441
176
319
32
91
354
306
441
425
172
15
285
465
321
87
62
345
474
319
485
29
142
212
453
366
151
330
104
299
